lat=51.068785
long=-1.794472