lat=51.0770650
long=-1.7821240